# tsp-matrix n10_01
10
0 4 8 13 6 10 16 3 12 7
4 0 5 9 7 12 14 6 11 8
8 5 0 7 11 8 10 9 6 13
13 9 7 0 15 6 4 12 5 14
6 7 11 15 0 9 17 5 13 4
10 12 8 6 9 0 8 11 4 15
16 14 10 4 17 8 0 15 7 18
3 6 9 12 5 11 15 0 14 6
12 11 6 5 13 4 7 14 0 10
7 8 13 14 4 15 18 6 10 0
