# tsp-matrix n12_01
12
0 5 9 14 7 11 17 4 13 8 15 6
5 0 6 10 8 13 15 7 12 9 11 10
9 6 0 8 12 9 11 10 7 14 8 13
14 10 8 0 16 7 5 13 6 15 9 17
7 8 12 16 0 10 18 6 14 5 12 8
11 13 9 7 10 0 9 12 5 16 7 14
17 15 11 5 18 9 0 16 8 19 10 20
4 7 10 13 6 12 16 0 15 7 14 9
13 12 7 6 14 5 8 15 0 11 4 12
8 9 14 15 5 16 19 7 11 0 13 8
15 11 8 9 12 7 10 14 4 13 0 16
6 10 13 17 8 14 20 9 12 8 16 0
